1436912974 20150714T222934 212 -05 142 193
1436912974 20150714T222934 460 -01 163 196
1436912974 20150714T222934 593 -14 151 197
1436912974 20150714T222934 727 -28 156 187
1436912974 20150714T222934 909 -44 144 193
1436912975 20150714T222935 1040 -50 139 200
1436912975 20150714T222935 1173 -29 154 193
1436912975 20150714T222935 1304 -18 020 232
1436912975 20150714T222935 1437 -14 -120 258
1436912975 20150714T222935 1570 001 -140 227
1436912975 20150714T222935 1701 -22 -179 174
1436912975 20150714T222935 1839 -60 -197 163
1436912975 20150714T222935 1972 -66 -204 152
1436912976 20150714T222936 2115 -16 -203 224
1436912976 20150714T222936 2248 -48 026 199
1436912976 20150714T222936 2379 -67 148 179
1436912976 20150714T222936 2512 -90 172 153
1436912976 20150714T222936 2646 -140 173 120
1436912976 20150714T222936 2777 -152 156 115
1436912976 20150714T222936 2910 -165 143 122
1436912977 20150714T222937 3041 -147 146 129
1436912977 20150714T222937 3174 -92 163 169
1436912977 20150714T222937 3307 008 168 203
1436912977 20150714T222937 3444 -50 151 181
1436912977 20150714T222937 3575 -136 116 163
1436912977 20150714T222937 3708 -148 098 159
1436912977 20150714T222937 3840 -150 114 171
1436912977 20150714T222937 3973 -165 091 150
1436912978 20150714T222938 4106 -176 096 161
1436912978 20150714T222938 4237 -168 086 156
1436912978 20150714T222938 4380 -170 080 161
1436912978 20150714T222938 4513 -170 074 165
1436912978 20150714T222938 4646 -144 -24 171
1436912978 20150714T222938 4777 -43 103 259
1436912978 20150714T222938 4915 055 054 254
1436912979 20150714T222939 5048 051 012 259
1436912979 20150714T222939 5189 -05 003 297
1436912979 20150714T222939 5322 -30 028 228
1436912979 20150714T222939 5455 046 053 242
1436912979 20150714T222939 5597 -28 039 225
1436912979 20150714T222939 5730 013 -06 284
1436912979 20150714T222939 5861 072 -02 265
1436912980 20150714T222940 5994 050 036 248
1436912980 20150714T222940 6125 006 028 251
1436912980 20150714T222940 6258 016 033 259
1436912980 20150714T222940 6395 009 028 254
1436912980 20150714T222940 6539 -02 024 254
1436912980 20150714T222940 6672 003 020 255
1436912980 20150714T222940 6803 003 022 251
1436912980 20150714T222940 6936 006 023 252
1436912981 20150714T222941 7067 003 027 248
1436912981 20150714T222941 7200 008 033 252
1436912981 20150714T222941 7333 011 033 249
1436912981 20150714T222941 7464 011 030 252
1436912981 20150714T222941 7598 013 026 251
1436912981 20150714T222941 7729 013 030 252
1436912981 20150714T222941 7866 009 028 251
1436912982 20150714T222942 7999 012 027 250
1436912982 20150714T222942 8130 011 028 250
1436912982 20150714T222942 8263 -40 031 251
1436912982 20150714T222942 8396 -21 027 261
1436912982 20150714T222942 8527 -24 033 248
1436912982 20150714T222942 8660 004 026 249
1436912982 20150714T222942 8804 004 026 251
1436912982 20150714T222942 8937 004 025 252
1436912983 20150714T222943 9068 005 024 253
1436912983 20150714T222943 9201 007 024 251
1436912983 20150714T222943 9332 007 024 253
1436912983 20150714T222943 9469 006 024 252
1436912983 20150714T222943 9603 008 026 254
1436912983 20150714T222943 9744 008 024 251
1436912983 20150714T222943 9877 009 024 253
1436912984 20150714T222944 10008 009 024 253
1436912984 20150714T222944 10141 010 022 252
1436912984 20150714T222944 10274 010 024 250
1436912984 20150714T222944 10405 009 024 251
1436912984 20150714T222944 10549 009 026 253
1436912984 20150714T222944 10680 010 026 252
1436912984 20150714T222944 10813 009 024 251
1436912984 20150714T222944 10962 013 025 251
1436912985 20150714T222945 11094 011 023 250
1436912985 20150714T222945 11227 015 025 249
1436912985 20150714T222945 11358 006 025 255
1436912985 20150714T222945 11491 007 024 253
1436912985 20150714T222945 11624 009 024 254
1436912985 20150714T222945 11755 012 024 252
1436912985 20150714T222945 11888 015 024 252
1436912986 20150714T222946 12021 013 024 253
1436912986 20150714T222946 12152 011 021 251
1436912986 20150714T222946 12285 010 024 255
1436912986 20150714T222946 12423 014 024 252
1436912986 20150714T222946 12554 013 024 250
1436912986 20150714T222946 12687 013 022 251
1436912986 20150714T222946 12820 015 021 252
1436912986 20150714T222946 12951 013 022 251
1436912987 20150714T222947 13094 013 023 251
1436912987 20150714T222947 13228 014 021 252
1436912987 20150714T222947 13361 016 023 252
1436912987 20150714T222947 13492 014 023 253
1436912987 20150714T222947 13625 014 023 251
1436912987 20150714T222947 13758 013 022 253
1436912987 20150714T222947 13895 022 024 252
1436912988 20150714T222948 14026 017 023 252
1436912988 20150714T222948 14159 015 023 252
1436912988 20150714T222948 14301 016 023 252
1436912988 20150714T222948 14434 017 024 252
1436912988 20150714T222948 14567 016 023 250
1436912988 20150714T222948 14698 018 024 253
1436912988 20150714T222948 14831 019 025 251
1436912988 20150714T222948 14962 019 023 249
1436912989 20150714T222949 15095 018 024 251
1436912989 20150714T222949 15228 018 023 254
1436912989 20150714T222949 15376 017 022 251
1436912989 20150714T222949 15519 019 024 251
1436912989 20150714T222949 15650 019 027 252
1436912989 20150714T222949 15783 019 023 250
1436912989 20150714T222949 15917 019 022 248
1436912990 20150714T222950 16048 019 023 253
1436912990 20150714T222950 16181 022 021 251
1436912990 20150714T222950 16312 029 021 251
1436912990 20150714T222950 16445 022 021 251
1436912990 20150714T222950 16578 021 019 252
1436912990 20150714T222950 16709 019 020 254
1436912990 20150714T222950 16842 019 021 251
1436912991 20150714T222951 16979 021 020 250
1436912991 20150714T222951 17111 020 022 252
1436912991 20150714T222951 17244 021 019 251
1436912991 20150714T222951 17377 022 020 254
1436912991 20150714T222951 17520 019 017 250
1436912991 20150714T222951 17651 020 013 257
1436912991 20150714T222951 17784 019 013 250
1436912991 20150714T222951 17917 019 017 254
1436912992 20150714T222952 18049 019 014 250
1436912992 20150714T222952 18182 018 016 255
1436912992 20150714T222952 18315 020 016 252
1436912992 20150714T222952 18452 020 015 252
1436912992 20150714T222952 18583 020 018 254
1436912992 20150714T222952 18716 019 018 248
1436912992 20150714T222952 18857 020 017 253
1436912993 20150714T222953 18991 019 017 253
1436912993 20150714T222953 19124 019 018 251
1436912993 20150714T222953 19255 021 017 253
1436912993 20150714T222953 19388 020 018 252
1436912993 20150714T222953 19519 019 017 254
1436912993 20150714T222953 19664 020 018 247
1436912993 20150714T222953 19795 020 017 253
1436912993 20150714T222953 19933 020 016 252
1436912994 20150714T222954 20066 019 019 255
1436912994 20150714T222954 20197 017 016 254
1436912994 20150714T222954 20330 017 014 253
1436912994 20150714T222954 20471 018 019 257
1436912994 20150714T222954 20604 020 015 249
1436912994 20150714T222954 20738 020 017 253
1436912994 20150714T222954 20869 021 016 252
1436912995 20150714T222955 21002 021 017 253
1436912995 20150714T222955 21135 018 019 253
1436912995 20150714T222955 21266 018 018 254
1436912995 20150714T222955 21403 018 015 246
1436912995 20150714T222955 21536 017 015 253
1436912995 20150714T222955 21667 021 016 253
1436912995 20150714T222955 21813 018 018 250
1436912995 20150714T222955 21944 018 017 254
1436912996 20150714T222956 22077 018 016 255
1436912996 20150714T222956 22208 018 017 254
1436912996 20150714T222956 22341 018 016 252
1436912996 20150714T222956 22474 019 014 251
1436912996 20150714T222956 22605 018 016 254
1436912996 20150714T222956 22738 020 014 252
1436912996 20150714T222956 22876 017 016 252
1436912997 20150714T222957 23007 020 012 252
1436912997 20150714T222957 23140 019 015 253
1436912997 20150714T222957 23271 020 013 252
1436912997 20150714T222957 23414 018 013 252
1436912997 20150714T222957 23547 020 015 253
1436912997 20150714T222957 23678 019 013 261
1436912997 20150714T222957 23812 021 015 254
1436912997 20150714T222957 23943 020 015 255
1436912998 20150714T222958 24088 018 015 250
1436912998 20150714T222958 24219 018 015 252
1436912998 20150714T222958 24356 019 015 254
1436912998 20150714T222958 24489 019 014 252
1436912998 20150714T222958 24621 018 015 251
1436912998 20150714T222958 24754 018 014 252
1436912998 20150714T222958 24887 019 016 251
1436912999 20150714T222959 25018 020 016 254
1436912999 20150714T222959 25151 018 015 250
1436912999 20150714T222959 25282 014 018 253
1436912999 20150714T222959 25425 016 016 254
1436912999 20150714T222959 25559 017 015 251
1436912999 20150714T222959 25690 018 016 251
1436912999 20150714T222959 25827 018 018 253
1436913000 20150714T223000 25960 018 015 254
1436913000 20150714T223000 26091 017 015 250
1436913000 20150714T223000 26234 020 015 252
1436913000 20150714T223000 26368 018 011 254
1436913000 20150714T223000 26501 021 016 255
1436913000 20150714T223000 26632 017 012 250
1436913000 20150714T223000 26765 021 016 256
1436913000 20150714T223000 26896 020 013 253
1436913001 20150714T223001 27029 021 014 251
1436913001 20150714T223001 27162 021 004 254
1436913001 20150714T223001 27293 018 014 253
1436913001 20150714T223001 27430 019 014 253
1436913001 20150714T223001 27564 019 012 253
1436913001 20150714T223001 27695 016 012 253
1436913001 20150714T223001 27828 018 013 253
1436913002 20150714T223002 27969 018 012 251
1436913002 20150714T223002 28102 018 015 252
1436913002 20150714T223002 28235 018 013 252
1436913002 20150714T223002 28379 019 013 251
1436913002 20150714T223002 28510 019 011 253
1436913002 20150714T223002 28643 017 011 254
1436913002 20150714T223002 28774 017 011 248
1436913002 20150714T223002 28911 007 020 244
1436913003 20150714T223003 29044 021 016 245
1436913003 20150714T223003 29177 011 014 255
1436913003 20150714T223003 29308 012 014 254
1436913003 20150714T223003 29442 007 015 252
1436913003 20150714T223003 29573 017 011 255
1436913003 20150714T223003 29706 013 013 255
1436913003 20150714T223003 29837 013 014 254
1436913004 20150714T223004 29970 013 014 252
1436913004 20150714T223004 30103 012 014 253
1436913004 20150714T223004 30234 011 016 258
1436913004 20150714T223004 30382 003 017 248
1436913004 20150714T223004 30541 023 015 256
1436913004 20150714T223004 30674 031 020 248
1436913004 20150714T223004 30806 038 021 249
1436913004 20150714T223004 30939 021 024 247
1436913005 20150714T223005 31070 033 025 255
1436913005 20150714T223005 31203 016 020 254
1436913005 20150714T223005 31336 -18 031 295
1436913005 20150714T223005 31467 -51 027 213
1436913005 20150714T223005 31600 -133 022 193
1436913005 20150714T223005 31731 -23 034 294
1436913005 20150714T223005 31868 022 078 220
1436913006 20150714T223006 32002 013 071 251
1436913006 20150714T223006 32135 083 139 202
1436913006 20150714T223006 32266 087 171 145
1436913006 20150714T223006 32399 067 161 150
1436913006 20150714T223006 32542 107 117 207
1436913006 20150714T223006 32675 070 064 221
1436913006 20150714T223006 32819 062 115 207
1436913007 20150714T223007 32952 080 130 192
1436913007 20150714T223007 33083 068 176 151
1436913007 20150714T223007 33216 095 160 171
1436913007 20150714T223007 33353 089 146 173
1436913007 20150714T223007 33486 098 144 173
1436913007 20150714T223007 33619 106 137 185
1436913007 20150714T223007 33751 106 129 185
1436913007 20150714T223007 33884 109 117 186
1436913008 20150714T223008 34017 121 111 197
1436913008 20150714T223008 34148 126 104 201
1436913008 20150714T223008 34281 123 098 202
