1436913044 20150714T223044 270 090 165 201
1436913044 20150714T223044 413 -40 077 212
1436913044 20150714T223044 546 -07 104 031
1436913045 20150714T223045 679 278 060 018
1436913045 20150714T223045 811 409 086 -82
1436913045 20150714T223045 944 371 -91 188
1436913045 20150714T223045 1075 008 -21 087
1436913045 20150714T223045 1208 -148 -98 081
1436913045 20150714T223045 1341 -295 -136 112
1436913045 20150714T223045 1472 -148 -58 039
1436913046 20150714T223046 1605 -248 -20 015
1436913046 20150714T223046 1742 -251 -11 018
1436913046 20150714T223046 1875 -249 -10 016
1436913046 20150714T223046 2007 -248 -10 016
1436913046 20150714T223046 2152 -251 -08 018
1436913046 20150714T223046 2283 -250 -09 018
1436913046 20150714T223046 2416 -250 -11 018
1436913046 20150714T223046 2549 -250 -10 017
1436913047 20150714T223047 2680 -250 -11 017
1436913047 20150714T223047 2813 -248 -11 017
1436913047 20150714T223047 2945 -249 -11 015
1436913047 20150714T223047 3078 -248 -10 017
1436913047 20150714T223047 3215 -249 -09 016
1436913047 20150714T223047 3348 -250 -09 017
1436913047 20150714T223047 3479 -250 -10 017
1436913048 20150714T223048 3612 -249 -08 017
1436913048 20150714T223048 3745 -251 -09 018
1436913048 20150714T223048 3876 -250 -08 018
1436913048 20150714T223048 4009 -250 -11 019
1436913048 20150714T223048 4143 -250 -08 017
1436913048 20150714T223048 4274 -250 -11 017
1436913048 20150714T223048 4419 -248 -11 017
1436913048 20150714T223048 4550 -249 -10 017
1436913049 20150714T223049 4683 -249 -10 017
1436913049 20150714T223049 4833 -249 -10 016
1436913049 20150714T223049 4964 -249 -09 017
1436913049 20150714T223049 5097 -251 -10 016
1436913049 20150714T223049 5240 -249 -10 017
1436913049 20150714T223049 5371 -249 -10 017
1436913049 20150714T223049 5505 -249 -10 018
1436913050 20150714T223050 5638 -249 -12 017
1436913050 20150714T223050 5769 -250 -10 018
1436913050 20150714T223050 5902 -250 -11 016
1436913050 20150714T223050 6033 -249 -12 017
1436913050 20150714T223050 6166 -250 -12 016
1436913050 20150714T223050 6303 -251 -10 014
1436913050 20150714T223050 6447 -250 -09 014
1436913050 20150714T223050 6580 -250 -10 014
1436913051 20150714T223051 6713 -250 -11 015
1436913051 20150714T223051 6844 -250 -11 015
1436913051 20150714T223051 6977 -250 -10 017
1436913051 20150714T223051 7110 -248 -09 016
1436913051 20150714T223051 7241 -250 -11 015
1436913051 20150714T223051 7374 -249 -10 016
1436913051 20150714T223051 7505 -248 -10 017
1436913052 20150714T223052 7639 -249 -10 018
1436913052 20150714T223052 7776 -250 -10 019
1436913052 20150714T223052 7909 -249 -11 018
1436913052 20150714T223052 8040 -249 -10 018
1436913052 20150714T223052 8173 -250 -11 017
1436913052 20150714T223052 8306 -248 -09 018
1436913052 20150714T223052 8437 -248 -11 017
1436913052 20150714T223052 8570 -250 -10 016
1436913053 20150714T223053 8714 -251 -09 018
1436913053 20150714T223053 8847 -249 -12 018
1436913053 20150714T223053 8978 -249 -11 018
1436913053 20150714T223053 9111 -250 -09 018
1436913053 20150714T223053 9261 -250 -10 018
1436913053 20150714T223053 9394 -249 -08 018
1436913053 20150714T223053 9525 -248 -11 018
1436913054 20150714T223054 9658 -250 -10 017
1436913054 20150714T223054 9791 -249 -09 016
1436913054 20150714T223054 9922 -250 -09 017
1436913054 20150714T223054 10055 -250 -09 017
1436913054 20150714T223054 10196 -249 -11 018
1436913054 20150714T223054 10330 -250 -10 017
1436913054 20150714T223054 10463 -248 -11 018
1436913055 20150714T223055 10594 -248 -09 018
1436913055 20150714T223055 10731 -250 -09 017
1436913055 20150714T223055 10876 -249 -09 018
1436913055 20150714T223055 11008 -251 -09 018
1436913055 20150714T223055 11141 -250 -08 018
1436913055 20150714T223055 11274 -251 -09 018
1436913055 20150714T223055 11405 -249 -10 017
1436913055 20150714T223055 11538 -250 -11 017
1436913056 20150714T223056 11671 -249 -10 018
1436913056 20150714T223056 11802 -250 -10 019
1436913056 20150714T223056 11935 -249 -10 017
1436913056 20150714T223056 12068 -250 -10 017
1436913056 20150714T223056 12206 -250 -09 018
1436913056 20150714T223056 12337 -250 -10 017
1436913056 20150714T223056 12470 -250 -10 019
1436913057 20150714T223057 12603 -249 -10 019
1436913057 20150714T223057 12734 -249 -10 016
1436913057 20150714T223057 12867 -250 -09 017
1436913057 20150714T223057 13000 -249 -10 017
1436913057 20150714T223057 13144 -249 -11 018
1436913057 20150714T223057 13277 -248 -11 017
1436913057 20150714T223057 13408 -249 -09 017
1436913057 20150714T223057 13553 -250 -11 017
1436913058 20150714T223058 13690 -248 -10 017
1436913058 20150714T223058 13824 -250 -10 018
1436913058 20150714T223058 13955 -251 -09 017
1436913058 20150714T223058 14088 -249 -10 018
1436913058 20150714T223058 14221 -250 -09 016
1436913058 20150714T223058 14352 -250 -10 019
1436913058 20150714T223058 14485 -250 -10 018
1436913059 20150714T223059 14618 -250 -08 016
1436913059 20150714T223059 14749 -249 -10 017
1436913059 20150714T223059 14882 -249 -10 018
1436913059 20150714T223059 15015 -249 -10 016
1436913059 20150714T223059 15173 -249 -09 018
1436913059 20150714T223059 15306 -249 -10 018
1436913059 20150714T223059 15439 -249 -10 018
1436913059 20150714T223059 15570 -249 -09 018
1436913060 20150714T223100 15704 -249 -10 017
1436913060 20150714T223100 15837 -249 -09 017
1436913060 20150714T223100 15968 -249 -10 017
1436913060 20150714T223100 16101 -251 -10 018
1436913060 20150714T223100 16232 -250 -09 017
1436913060 20150714T223100 16365 -250 -09 017
1436913060 20150714T223100 16498 -249 -08 017
1436913061 20150714T223101 16635 -249 -10 016
1436913061 20150714T223101 16766 -249 -10 017
1436913061 20150714T223101 16900 -249 -09 017
1436913061 20150714T223101 17033 -249 -09 016
1436913061 20150714T223101 17164 -249 -09 017
1436913061 20150714T223101 17297 -249 -09 018
1436913061 20150714T223101 17440 -249 -10 017
1436913061 20150714T223101 17573 -248 -10 017
1436913062 20150714T223102 17707 -250 -10 017
1436913062 20150714T223102 17850 -250 -09 018
1436913062 20150714T223102 17987 -249 -11 017
1436913062 20150714T223102 18120 -250 -10 018
1436913062 20150714T223102 18253 -250 -09 016
1436913062 20150714T223102 18384 -250 -10 018
1436913062 20150714T223102 18518 -250 -09 018
1436913063 20150714T223103 18649 -250 -10 018
1436913063 20150714T223103 18782 -251 -09 018
1436913063 20150714T223103 18915 -250 -10 018
1436913063 20150714T223103 19046 -249 -09 017
1436913063 20150714T223103 19179 -251 -09 018
1436913063 20150714T223103 19312 -250 -09 017
1436913063 20150714T223103 19449 -250 -10 017
1436913064 20150714T223104 19593 -249 -09 018
1436913064 20150714T223104 19726 -251 -09 017
1436913064 20150714T223104 19857 -250 -09 017
1436913064 20150714T223104 19990 -250 -11 018
1436913064 20150714T223104 20131 -249 -10 017
1436913064 20150714T223104 20264 -248 -12 017
1436913064 20150714T223104 20398 -250 -10 016
1436913064 20150714T223104 20529 -250 -09 016
1436913065 20150714T223105 20662 -249 -09 018
1436913065 20150714T223105 20795 -249 -10 018
1436913065 20150714T223105 20932 -249 -09 018
1436913065 20150714T223105 21063 -250 -10 018
1436913065 20150714T223105 21196 -250 -10 017
1436913065 20150714T223105 21329 -250 -10 018
1436913065 20150714T223105 21460 -249 -09 019
1436913066 20150714T223106 21594 -250 -10 016
1436913066 20150714T223106 21727 -248 -10 017
1436913066 20150714T223106 21870 -250 -09 017
1436913066 20150714T223106 22003 -249 -10 018
1436913066 20150714T223106 22147 -250 -10 017
1436913066 20150714T223106 22280 -249 -13 018
1436913066 20150714T223106 22417 -250 -11 017
1436913066 20150714T223106 22548 -251 -11 018
1436913067 20150714T223107 22681 -250 -09 019
1436913067 20150714T223107 22814 -249 -10 015
1436913067 20150714T223107 22945 -249 -10 017
1436913067 20150714T223107 23078 -249 -09 017
1436913067 20150714T223107 23212 -249 -10 017
1436913067 20150714T223107 23343 -249 -09 017
1436913067 20150714T223107 23476 -248 -11 016
1436913068 20150714T223108 23609 -249 -10 017
1436913068 20150714T223108 23740 -249 -11 017
1436913068 20150714T223108 23877 -251 -09 017
1436913068 20150714T223108 24020 -249 -10 018
1436913068 20150714T223108 24154 -248 -11 017
1436913068 20150714T223108 24287 -249 -09 017
1436913068 20150714T223108 24418 -249 -09 017
1436913068 20150714T223108 24551 -249 -08 016
1436913069 20150714T223109 24684 -248 -07 014
1436913069 20150714T223109 24815 -250 -08 018
1436913069 20150714T223109 24948 -250 -10 018
1436913069 20150714T223109 25090 -250 -10 018
1436913069 20150714T223109 25223 -249 -09 017
1436913069 20150714T223109 25352 -250 -09 017
1436913069 20150714T223109 25485 -249 -10 017
1436913070 20150714T223110 25616 -249 -10 017
1436913070 20150714T223110 25749 -249 -10 019
1436913070 20150714T223110 25882 -250 -10 018
1436913070 20150714T223110 26013 -250 -10 018
1436913070 20150714T223110 26146 -249 -09 018
1436913070 20150714T223110 26290 -249 -09 017
1436913070 20150714T223110 26423 -250 -09 019
1436913070 20150714T223110 26566 -249 -10 018
1436913071 20150714T223111 26699 -249 -10 018
1436913071 20150714T223111 26836 -250 -11 017
1436913071 20150714T223111 26970 -249 -09 017
1436913071 20150714T223111 27101 -250 -10 018
1436913071 20150714T223111 27234 -250 -08 018
1436913071 20150714T223111 27367 -251 -07 017
1436913071 20150714T223111 27498 -248 -09 018
1436913072 20150714T223112 27631 -250 -10 017
1436913072 20150714T223112 27762 -250 -10 017
1436913072 20150714T223112 27895 -250 -08 017
1436913072 20150714T223112 28028 -252 -13 014
1436913072 20150714T223112 28160 -255 000 020
1436913072 20150714T223112 28297 -282 -20 -01
1436913072 20150714T223112 28442 -330 -26 201
1436913072 20150714T223112 28573 -143 013 126
1436913073 20150714T223113 28706 -106 123 -02
1436913073 20150714T223113 28839 -173 075 151
1436913073 20150714T223113 28971 -72 078 240
1436913073 20150714T223113 29104 -22 120 222
1436913073 20150714T223113 29237 -08 142 208
1436913073 20150714T223113 29368 001 132 212
1436913073 20150714T223113 29501 010 132 212
1436913074 20150714T223114 29632 024 123 214
1436913074 20150714T223114 29771 033 109 224
1436913074 20150714T223114 29902 036 115 221
1436913074 20150714T223114 30046 044 110 220
1436913074 20150714T223114 30177 052 108 223
1436913074 20150714T223114 30310 058 111 227
1436913074 20150714T223114 30443 057 110 220
